-1	1
1	1
1	1	5	5
1	4	-1	5
2	4	4	3
2	2	3	3
1	1	2	2
1	4	4	2
5	-1	4	3
5	5	3	3
5	5	1	1
5	-1	4	1
2	4	4	3
2	2	3	3
1	1	2	2
1	4	4	2
3	4	-1	5
3	3	5	5
17	17	18	18	1	1	2	2
17	20	20	18	1	4	4	2
19	20	21	21	5	5	4	3
19	19	-1	21	16	5	3	3
6	6	10	16	16	15	11	11
6	9	10	10	15	15	14	11
7	9	9	8	12	14	14	13
7	7	8	8	12	12	13	13
1	1	2	2	6	6	7	7
1	4	4	2	6	9	9	7
3	4	5	5	10	10	9	8
3	3	5	16	16	10	8	8
11	11	15	16	21	21	17	17
11	14	15	15	-1	21	20	17
12	14	14	13	18	20	20	19
12	12	13	13	18	18	19	19
17	17	21	21	1	1	2	2
17	20	-1	21	1	4	4	2
18	20	20	19	5	5	4	3
18	18	19	19	16	5	3	3
6	6	10	16	16	15	11	11
6	9	10	10	15	15	14	11
7	9	9	8	12	14	14	13
7	7	8	8	12	12	13	13
1	1	2	2	6	6	7	7	22	22	23	23	27	27	28	28
1	4	4	2	6	9	9	7	22	25	25	23	27	30	30	28
3	4	5	5	10	10	9	8	24	25	26	26	31	31	30	29
3	3	5	16	16	10	8	8	24	24	26	37	37	31	29	29
11	11	15	16	17	17	18	18	38	38	39	39	37	36	32	32
11	14	15	15	17	20	20	18	38	41	41	39	36	36	35	32
12	14	14	13	19	20	21	21	42	42	41	40	33	35	35	34
12	12	13	13	19	19	21	64	64	42	40	40	33	33	34	34
43	43	44	44	59	59	63	64	81	81	82	82	65	65	66	66
43	46	46	44	59	62	63	63	81	84	84	82	65	68	68	66
45	46	47	47	60	62	62	61	83	84	-1	85	69	69	68	67
45	45	47	58	60	60	61	61	83	83	85	85	80	69	67	67
48	48	52	58	58	57	53	53	70	70	74	80	80	79	75	75
48	51	52	52	57	57	56	53	70	73	74	74	79	79	78	75
49	51	51	50	54	56	56	55	71	73	73	72	76	78	78	77
49	49	50	50	54	54	55	55	71	71	72	72	76	76	77	77
65	65	66	66	70	70	71	71	1	1	2	2	6	6	7	7
65	68	68	66	70	73	73	71	1	4	4	2	6	9	9	7
67	68	69	69	74	74	73	72	3	4	5	5	10	10	9	8
67	67	69	80	80	74	72	72	3	3	5	16	16	10	8	8
75	75	79	80	81	81	82	82	17	17	18	18	16	15	11	11
75	78	79	79	81	84	84	82	17	20	20	18	15	15	14	11
76	78	78	77	83	84	85	85	21	21	20	19	12	14	14	13
76	76	77	77	83	83	85	-1	64	21	19	19	12	12	13	13
22	22	23	23	38	38	42	64	64	63	59	59	43	43	44	44
22	25	25	23	38	41	42	42	63	63	62	59	43	46	46	44
24	25	26	26	39	41	41	40	60	62	62	61	47	47	46	45
24	24	26	37	39	39	40	40	60	60	61	61	58	47	45	45
27	27	31	37	37	36	32	32	48	48	52	58	58	57	53	53
27	30	31	31	36	36	35	32	48	51	52	52	57	57	56	53
28	30	30	29	33	35	35	34	49	51	51	50	54	56	56	55
28	28	29	29	33	33	34	34	49	49	50	50	54	54	55	55
321	321	322	322	326	326	327	327	257	257	258	258	262	262	263	263	1	1	2	2	6	6	7	7	22	22	23	23	27	27	28	28
321	324	324	322	326	329	329	327	257	260	260	258	262	265	265	263	1	4	4	2	6	9	9	7	22	25	25	23	27	30	30	28
323	324	325	325	330	330	329	328	259	260	261	261	266	266	265	264	3	4	5	5	10	10	9	8	24	25	26	26	31	31	30	29
323	323	325	336	336	330	328	328	259	259	261	272	272	266	264	264	3	3	5	16	16	10	8	8	24	24	26	37	37	31	29	29
331	331	335	336	341	341	337	337	273	273	274	274	272	271	267	267	11	11	15	16	17	17	18	18	38	38	39	39	37	36	32	32
331	334	335	335	341	-1	340	337	273	276	276	274	271	271	270	267	11	14	15	15	17	20	20	18	38	41	41	39	36	36	35	32
332	334	334	333	338	340	340	339	277	277	276	275	268	270	270	269	12	14	14	13	19	20	21	21	42	42	41	40	33	35	35	34
332	332	333	333	338	338	339	339	320	277	275	275	268	268	269	269	12	12	13	13	19	19	21	64	64	42	40	40	33	33	34	34
278	278	279	279	294	294	298	320	320	319	315	315	299	299	300	300	65	65	66	66	70	70	71	71	64	63	59	59	43	43	44	44
278	281	281	279	294	297	298	298	319	319	318	315	299	302	302	300	65	68	68	66	70	73	73	71	63	63	62	59	43	46	46	44
280	281	282	282	295	297	297	296	316	318	318	317	303	303	302	301	67	68	69	69	74	74	73	72	60	62	62	61	47	47	46	45
280	280	282	293	295	295	296	296	316	316	317	317	314	303	301	301	67	67	69	80	80	74	72	72	60	60	61	61	58	47	45	45
283	283	287	293	293	292	288	288	304	304	308	314	314	313	309	309	81	81	82	82	80	79	75	75	48	48	52	58	58	57	53	53
283	286	287	287	292	292	291	288	304	307	308	308	313	313	312	309	81	84	84	82	79	79	78	75	48	51	52	52	57	57	56	53
284	286	286	285	289	291	291	290	305	307	307	306	310	312	312	311	85	85	84	83	76	78	78	77	49	51	51	50	54	56	56	55
284	284	285	285	289	289	290	290	305	305	306	306	310	310	311	311	256	85	83	83	76	76	77	77	49	49	50	50	54	54	55	55
86	86	87	87	91	91	92	92	150	150	151	151	166	166	170	256	256	255	251	251	235	235	236	236	171	171	172	172	176	176	177	177
86	89	89	87	91	94	94	92	150	153	153	151	166	169	170	170	255	255	254	251	235	238	238	236	171	174	174	172	176	179	179	177
88	89	90	90	95	95	94	93	152	153	154	154	167	169	169	168	252	254	254	253	239	239	238	237	173	174	175	175	180	180	179	178
88	88	90	101	101	95	93	93	152	152	154	165	167	167	168	168	252	252	253	253	250	239	237	237	173	173	175	186	186	180	178	178
96	96	100	101	102	102	103	103	155	155	159	165	165	164	160	160	240	240	244	250	250	249	245	245	187	187	188	188	186	185	181	181
96	99	100	100	102	105	105	103	155	158	159	159	164	164	163	160	240	243	244	244	249	249	248	245	187	190	190	188	185	185	184	181
97	99	99	98	104	105	106	106	156	158	158	157	161	163	163	162	241	243	243	242	246	248	248	247	191	191	190	189	182	184	184	183
97	97	98	98	104	104	106	149	156	156	157	157	161	161	162	162	241	241	242	242	246	246	247	247	234	191	189	189	182	182	183	183
107	107	108	108	123	123	127	149	149	148	144	144	128	128	129	129	192	192	193	193	208	208	212	234	234	233	229	229	213	213	214	214
107	110	110	108	123	126	127	127	148	148	147	144	128	131	131	129	192	195	195	193	208	211	212	212	233	233	232	229	213	216	216	214
109	110	111	111	124	126	126	125	145	147	147	146	132	132	131	130	194	195	196	196	209	211	211	210	230	232	232	231	217	217	216	215
109	109	111	122	124	124	125	125	145	145	146	146	143	132	130	130	194	194	196	207	209	209	210	210	230	230	231	231	228	217	215	215
112	112	116	122	122	121	117	117	133	133	137	143	143	142	138	138	197	197	201	207	207	206	202	202	218	218	222	228	228	227	223	223
112	115	116	116	121	121	120	117	133	136	137	137	142	142	141	138	197	200	201	201	206	206	205	202	218	221	222	222	227	227	226	223
113	115	115	114	118	120	120	119	134	136	136	135	139	141	141	140	198	200	200	199	203	205	205	204	219	221	221	220	224	226	226	225
113	113	114	114	118	118	119	119	134	134	135	135	139	139	140	140	198	198	199	199	203	203	204	204	219	219	220	220	224	224	225	225
257	257	258	258	262	262	263	263	278	278	279	279	283	283	284	284	1	1	2	2	6	6	7	7	22	22	23	23	27	27	28	28
257	260	260	258	262	265	265	263	278	281	281	279	283	286	286	284	1	4	4	2	6	9	9	7	22	25	25	23	27	30	30	28
259	260	261	261	266	266	265	264	280	281	282	282	287	287	286	285	3	4	5	5	10	10	9	8	24	25	26	26	31	31	30	29
259	259	261	272	272	266	264	264	280	280	282	293	293	287	285	285	3	3	5	16	16	10	8	8	24	24	26	37	37	31	29	29
267	267	271	272	273	273	274	274	294	294	295	295	293	292	288	288	11	11	15	16	17	17	18	18	38	38	39	39	37	36	32	32
267	270	271	271	273	276	276	274	294	297	297	295	292	292	291	288	11	14	15	15	17	20	20	18	38	41	41	39	36	36	35	32
268	270	270	269	275	276	277	277	298	298	297	296	289	291	291	290	12	14	14	13	19	20	21	21	42	42	41	40	33	35	35	34
268	268	269	269	275	275	277	320	320	298	296	296	289	289	290	290	12	12	13	13	19	19	21	64	64	42	40	40	33	33	34	34
299	299	300	300	315	315	319	320	321	321	322	322	326	326	327	327	65	65	66	66	70	70	71	71	64	63	59	59	43	43	44	44
299	302	302	300	315	318	319	319	321	324	324	322	326	329	329	327	65	68	68	66	70	73	73	71	63	63	62	59	43	46	46	44
301	302	303	303	316	318	318	317	323	324	325	325	330	330	329	328	67	68	69	69	74	74	73	72	60	62	62	61	47	47	46	45
301	301	303	314	316	316	317	317	323	323	325	336	336	330	328	328	67	67	69	80	80	74	72	72	60	60	61	61	58	47	45	45
304	304	308	314	314	313	309	309	337	337	341	341	336	335	331	331	81	81	82	82	80	79	75	75	48	48	52	58	58	57	53	53
304	307	308	308	313	313	312	309	337	340	-1	341	335	335	334	331	81	84	84	82	79	79	78	75	48	51	52	52	57	57	56	53
305	307	307	306	310	312	312	311	338	340	340	339	332	334	334	333	85	85	84	83	76	78	78	77	49	51	51	50	54	56	56	55
305	305	306	306	310	310	311	311	338	338	339	339	332	332	333	333	256	85	83	83	76	76	77	77	49	49	50	50	54	54	55	55
86	86	87	87	91	91	92	92	150	150	151	151	166	166	170	256	256	255	251	251	235	235	236	236	171	171	172	172	176	176	177	177
86	89	89	87	91	94	94	92	150	153	153	151	166	169	170	170	255	255	254	251	235	238	238	236	171	174	174	172	176	179	179	177
88	89	90	90	95	95	94	93	152	153	154	154	167	169	169	168	252	254	254	253	239	239	238	237	173	174	175	175	180	180	179	178
88	88	90	101	101	95	93	93	152	152	154	165	167	167	168	168	252	252	253	253	250	239	237	237	173	173	175	186	186	180	178	178
96	96	100	101	102	102	103	103	155	155	159	165	165	164	160	160	240	240	244	250	250	249	245	245	187	187	188	188	186	185	181	181
96	99	100	100	102	105	105	103	155	158	159	159	164	164	163	160	240	243	244	244	249	249	248	245	187	190	190	188	185	185	184	181
97	99	99	98	104	105	106	106	156	158	158	157	161	163	163	162	241	243	243	242	246	248	248	247	191	191	190	189	182	184	184	183
97	97	98	98	104	104	106	149	156	156	157	157	161	161	162	162	241	241	242	242	246	246	247	247	234	191	189	189	182	182	183	183
107	107	108	108	123	123	127	149	149	148	144	144	128	128	129	129	192	192	193	193	208	208	212	234	234	233	229	229	213	213	214	214
107	110	110	108	123	126	127	127	148	148	147	144	128	131	131	129	192	195	195	193	208	211	212	212	233	233	232	229	213	216	216	214
109	110	111	111	124	126	126	125	145	147	147	146	132	132	131	130	194	195	196	196	209	211	211	210	230	232	232	231	217	217	216	215
109	109	111	122	124	124	125	125	145	145	146	146	143	132	130	130	194	194	196	207	209	209	210	210	230	230	231	231	228	217	215	215
112	112	116	122	122	121	117	117	133	133	137	143	143	142	138	138	197	197	201	207	207	206	202	202	218	218	222	228	228	227	223	223
112	115	116	116	121	121	120	117	133	136	137	137	142	142	141	138	197	200	201	201	206	206	205	202	218	221	222	222	227	227	226	223
113	115	115	114	118	120	120	119	134	136	136	135	139	141	141	140	198	200	200	199	203	205	205	204	219	221	221	220	224	226	226	225
113	113	114	114	118	118	119	119	134	134	135	135	139	139	140	140	198	198	199	199	203	203	204	204	219	219	220	220	224	224	225	225
257	257	258	258	262	262	263	263	321	321	322	322	326	326	327	327	1	1	2	2	6	6	7	7	22	22	23	23	27	27	28	28
257	260	260	258	262	265	265	263	321	324	324	322	326	329	329	327	1	4	4	2	6	9	9	7	22	25	25	23	27	30	30	28
259	260	261	261	266	266	265	264	323	324	325	325	330	330	329	328	3	4	5	5	10	10	9	8	24	25	26	26	31	31	30	29
259	259	261	272	272	266	264	264	323	323	325	336	336	330	328	328	3	3	5	16	16	10	8	8	24	24	26	37	37	31	29	29
267	267	271	272	273	273	274	274	337	337	338	338	336	335	331	331	11	11	15	16	17	17	18	18	38	38	39	39	37	36	32	32
267	270	271	271	273	276	276	274	337	340	340	338	335	335	334	331	11	14	15	15	17	20	20	18	38	41	41	39	36	36	35	32
268	270	270	269	275	276	277	277	341	341	340	339	332	334	334	333	12	14	14	13	19	20	21	21	42	42	41	40	33	35	35	34
268	268	269	269	275	275	277	320	341	-1	339	339	332	332	333	333	12	12	13	13	19	19	21	64	64	42	40	40	33	33	34	34
278	278	279	279	294	294	298	320	320	319	315	315	299	299	300	300	65	65	66	66	70	70	71	71	64	63	59	59	43	43	44	44
278	281	281	279	294	297	298	298	319	319	318	315	299	302	302	300	65	68	68	66	70	73	73	71	63	63	62	59	43	46	46	44
280	281	282	282	295	297	297	296	316	318	318	317	303	303	302	301	67	68	69	69	74	74	73	72	60	62	62	61	47	47	46	45
280	280	282	293	295	295	296	296	316	316	317	317	314	303	301	301	67	67	69	80	80	74	72	72	60	60	61	61	58	47	45	45
283	283	287	293	293	292	288	288	304	304	308	314	314	313	309	309	81	81	82	82	80	79	75	75	48	48	52	58	58	57	53	53
283	286	287	287	292	292	291	288	304	307	308	308	313	313	312	309	81	84	84	82	79	79	78	75	48	51	52	52	57	57	56	53
284	286	286	285	289	291	291	290	305	307	307	306	310	312	312	311	85	85	84	83	76	78	78	77	49	51	51	50	54	56	56	55
284	284	285	285	289	289	290	290	305	305	306	306	310	310	311	311	256	85	83	83	76	76	77	77	49	49	50	50	54	54	55	55
86	86	87	87	91	91	92	92	150	150	151	151	166	166	170	256	256	255	251	251	235	235	236	236	171	171	172	172	176	176	177	177
86	89	89	87	91	94	94	92	150	153	153	151	166	169	170	170	255	255	254	251	235	238	238	236	171	174	174	172	176	179	179	177
88	89	90	90	95	95	94	93	152	153	154	154	167	169	169	168	252	254	254	253	239	239	238	237	173	174	175	175	180	180	179	178
88	88	90	101	101	95	93	93	152	152	154	165	167	167	168	168	252	252	253	253	250	239	237	237	173	173	175	186	186	180	178	178
96	96	100	101	102	102	103	103	155	155	159	165	165	164	160	160	240	240	244	250	250	249	245	245	187	187	188	188	186	185	181	181
96	99	100	100	102	105	105	103	155	158	159	159	164	164	163	160	240	243	244	244	249	249	248	245	187	190	190	188	185	185	184	181
97	99	99	98	104	105	106	106	156	158	158	157	161	163	163	162	241	243	243	242	246	248	248	247	191	191	190	189	182	184	184	183
97	97	98	98	104	104	106	149	156	156	157	157	161	161	162	162	241	241	242	242	246	246	247	247	234	191	189	189	182	182	183	183
107	107	108	108	123	123	127	149	149	148	144	144	128	128	129	129	192	192	193	193	208	208	212	234	234	233	229	229	213	213	214	214
107	110	110	108	123	126	127	127	148	148	147	144	128	131	131	129	192	195	195	193	208	211	212	212	233	233	232	229	213	216	216	214
109	110	111	111	124	126	126	125	145	147	147	146	132	132	131	130	194	195	196	196	209	211	211	210	230	232	232	231	217	217	216	215
109	109	111	122	124	124	125	125	145	145	146	146	143	132	130	130	194	194	196	207	209	209	210	210	230	230	231	231	228	217	215	215
112	112	116	122	122	121	117	117	133	133	137	143	143	142	138	138	197	197	201	207	207	206	202	202	218	218	222	228	228	227	223	223
112	115	116	116	121	121	120	117	133	136	137	137	142	142	141	138	197	200	201	201	206	206	205	202	218	221	222	222	227	227	226	223
113	115	115	114	118	120	120	119	134	136	136	135	139	141	141	140	198	200	200	199	203	205	205	204	219	221	221	220	224	226	226	225
113	113	114	114	118	118	119	119	134	134	135	135	139	139	140	140	198	198	199	199	203	203	204	204	219	219	220	220	224	224	225	225
1	1	2	2	6	6	7	7	22	22	23	23	27	27	28	28	86	86	87	87	91	91	92	92	107	107	108	108	112	112	113	113
1	4	4	2	6	9	9	7	22	25	25	23	27	30	30	28	86	89	89	87	91	94	94	92	107	110	110	108	112	115	115	113
3	4	5	5	10	10	9	8	24	25	26	26	31	31	30	29	88	89	90	90	95	95	94	93	109	110	111	111	116	116	115	114
3	3	5	16	16	10	8	8	24	24	26	37	37	31	29	29	88	88	90	101	101	95	93	93	109	109	111	122	122	116	114	114
11	11	15	16	17	17	18	18	38	38	39	39	37	36	32	32	96	96	100	101	102	102	103	103	123	123	124	124	122	121	117	117
11	14	15	15	17	20	20	18	38	41	41	39	36	36	35	32	96	99	100	100	102	105	105	103	123	126	126	124	121	121	120	117
12	14	14	13	19	20	21	21	42	42	41	40	33	35	35	34	97	99	99	98	104	105	106	106	127	127	126	125	118	120	120	119
12	12	13	13	19	19	21	64	64	42	40	40	33	33	34	34	97	97	98	98	104	104	106	149	149	127	125	125	118	118	119	119
43	43	44	44	59	59	63	64	65	65	66	66	70	70	71	71	150	150	151	151	155	155	156	156	149	148	144	144	128	128	129	129
43	46	46	44	59	62	63	63	65	68	68	66	70	73	73	71	150	153	153	151	155	158	158	156	148	148	147	144	128	131	131	129
45	46	47	47	60	62	62	61	67	68	69	69	74	74	73	72	152	153	154	154	159	159	158	157	145	147	147	146	132	132	131	130
45	45	47	58	60	60	61	61	67	67	69	80	80	74	72	72	152	152	154	165	165	159	157	157	145	145	146	146	143	132	130	130
48	48	52	58	58	57	53	53	75	75	79	80	81	81	82	82	166	166	167	167	165	164	160	160	133	133	137	143	143	142	138	138
48	51	52	52	57	57	56	53	75	78	79	79	81	84	84	82	166	169	169	167	164	164	163	160	133	136	137	137	142	142	141	138
49	51	51	50	54	56	56	55	76	78	78	77	83	84	85	85	170	170	169	168	161	163	163	162	134	136	136	135	139	141	141	140
49	49	50	50	54	54	55	55	76	76	77	77	83	83	85	256	256	170	168	168	161	161	162	162	134	134	135	135	139	139	140	140
321	321	322	322	341	341	337	337	257	257	258	258	262	262	263	263	256	255	251	251	235	235	236	236	171	171	172	172	176	176	177	177
321	324	324	322	-1	341	340	337	257	260	260	258	262	265	265	263	255	255	254	251	235	238	238	236	171	174	174	172	176	179	179	177
323	324	325	325	338	340	340	339	259	260	261	261	266	266	265	264	252	254	254	253	239	239	238	237	173	174	175	175	180	180	179	178
323	323	325	336	338	338	339	339	259	259	261	272	272	266	264	264	252	252	253	253	250	239	237	237	173	173	175	186	186	180	178	178
326	326	330	336	336	335	331	331	273	273	274	274	272	271	267	267	240	240	244	250	250	249	245	245	187	187	188	188	186	185	181	181
326	329	330	330	335	335	334	331	273	276	276	274	271	271	270	267	240	243	244	244	249	249	248	245	187	190	190	188	185	185	184	181
327	329	329	328	332	334	334	333	277	277	276	275	268	270	270	269	241	243	243	242	246	248	248	247	191	191	190	189	182	184	184	183
327	327	328	328	332	332	333	333	320	277	275	275	268	268	269	269	241	241	242	242	246	246	247	247	234	191	189	189	182	182	183	183
278	278	279	279	294	294	298	320	320	319	315	315	299	299	300	300	192	192	193	193	208	208	212	234	234	233	229	229	213	213	214	214
278	281	281	279	294	297	298	298	319	319	318	315	299	302	302	300	192	195	195	193	208	211	212	212	233	233	232	229	213	216	216	214
280	281	282	282	295	297	297	296	316	318	318	317	303	303	302	301	194	195	196	196	209	211	211	210	230	232	232	231	217	217	216	215
280	280	282	293	295	295	296	296	316	316	317	317	314	303	301	301	194	194	196	207	209	209	210	210	230	230	231	231	228	217	215	215
283	283	287	293	293	292	288	288	304	304	308	314	314	313	309	309	197	197	201	207	207	206	202	202	218	218	222	228	228	227	223	223
283	286	287	287	292	292	291	288	304	307	308	308	313	313	312	309	197	200	201	201	206	206	205	202	218	221	222	222	227	227	226	223
284	286	286	285	289	291	291	290	305	307	307	306	310	312	312	311	198	200	200	199	203	205	205	204	219	221	221	220	224	226	226	225
284	284	285	285	289	289	290	290	305	305	306	306	310	310	311	311	198	198	199	199	203	203	204	204	219	219	220	220	224	224	225	225
1025	1025	1026	1026	1030	1030	1031	1031	1046	1046	1047	1047	1051	1051	1052	1052	1110	1110	1111	1111	1115	1115	1116	1116	1131	1131	1132	1132	1136	1136	1137	1137	1	1	2	2	6	6	7	7	22	22	23	23	27	27	28	28	86	86	87	87	91	91	92	92	107	107	108	108	112	112	113	113
1025	1028	1028	1026	1030	1033	1033	1031	1046	1049	1049	1047	1051	1054	1054	1052	1110	1113	1113	1111	1115	1118	1118	1116	1131	1134	1134	1132	1136	1139	1139	1137	1	4	4	2	6	9	9	7	22	25	25	23	27	30	30	28	86	89	89	87	91	94	94	92	107	110	110	108	112	115	115	113
1027	1028	1029	1029	1034	1034	1033	1032	1048	1049	1050	1050	1055	1055	1054	1053	1112	1113	1114	1114	1119	1119	1118	1117	1133	1134	1135	1135	1140	1140	1139	1138	3	4	5	5	10	10	9	8	24	25	26	26	31	31	30	29	88	89	90	90	95	95	94	93	109	110	111	111	116	116	115	114
1027	1027	1029	1040	1040	1034	1032	1032	1048	1048	1050	1061	1061	1055	1053	1053	1112	1112	1114	1125	1125	1119	1117	1117	1133	1133	1135	1146	1146	1140	1138	1138	3	3	5	16	16	10	8	8	24	24	26	37	37	31	29	29	88	88	90	101	101	95	93	93	109	109	111	122	122	116	114	114
1035	1035	1039	1040	1041	1041	1042	1042	1062	1062	1063	1063	1061	1060	1056	1056	1120	1120	1124	1125	1126	1126	1127	1127	1147	1147	1148	1148	1146	1145	1141	1141	11	11	15	16	17	17	18	18	38	38	39	39	37	36	32	32	96	96	100	101	102	102	103	103	123	123	124	124	122	121	117	117
1035	1038	1039	1039	1041	1044	1044	1042	1062	1065	1065	1063	1060	1060	1059	1056	1120	1123	1124	1124	1126	1129	1129	1127	1147	1150	1150	1148	1145	1145	1144	1141	11	14	15	15	17	20	20	18	38	41	41	39	36	36	35	32	96	99	100	100	102	105	105	103	123	126	126	124	121	121	120	117
1036	1038	1038	1037	1043	1044	1045	1045	1066	1066	1065	1064	1057	1059	1059	1058	1121	1123	1123	1122	1128	1129	1130	1130	1151	1151	1150	1149	1142	1144	1144	1143	12	14	14	13	19	20	21	21	42	42	41	40	33	35	35	34	97	99	99	98	104	105	106	106	127	127	126	125	118	120	120	119
1036	1036	1037	1037	1043	1043	1045	1088	1088	1066	1064	1064	1057	1057	1058	1058	1121	1121	1122	1122	1128	1128	1130	1173	1173	1151	1149	1149	1142	1142	1143	1143	12	12	13	13	19	19	21	64	64	42	40	40	33	33	34	34	97	97	98	98	104	104	106	149	149	127	125	125	118	118	119	119
1067	1067	1068	1068	1083	1083	1087	1088	1089	1089	1090	1090	1094	1094	1095	1095	1174	1174	1175	1175	1179	1179	1180	1180	1173	1172	1168	1168	1152	1152	1153	1153	43	43	44	44	59	59	63	64	65	65	66	66	70	70	71	71	150	150	151	151	155	155	156	156	149	148	144	144	128	128	129	129
1067	1070	1070	1068	1083	1086	1087	1087	1089	1092	1092	1090	1094	1097	1097	1095	1174	1177	1177	1175	1179	1182	1182	1180	1172	1172	1171	1168	1152	1155	1155	1153	43	46	46	44	59	62	63	63	65	68	68	66	70	73	73	71	150	153	153	151	155	158	158	156	148	148	147	144	128	131	131	129
1069	1070	1071	1071	1084	1086	1086	1085	1091	1092	1093	1093	1098	1098	1097	1096	1176	1177	1178	1178	1183	1183	1182	1181	1169	1171	1171	1170	1156	1156	1155	1154	45	46	47	47	60	62	62	61	67	68	69	69	74	74	73	72	152	153	154	154	159	159	158	157	145	147	147	146	132	132	131	130
1069	1069	1071	1082	1084	1084	1085	1085	1091	1091	1093	1104	1104	1098	1096	1096	1176	1176	1178	1189	1189	1183	1181	1181	1169	1169	1170	1170	1167	1156	1154	1154	45	45	47	58	60	60	61	61	67	67	69	80	80	74	72	72	152	152	154	165	165	159	157	157	145	145	146	146	143	132	130	130
1072	1072	1076	1082	1082	1081	1077	1077	1099	1099	1103	1104	1105	1105	1106	1106	1190	1190	1191	1191	1189	1188	1184	1184	1157	1157	1161	1167	1167	1166	1162	1162	48	48	52	58	58	57	53	53	75	75	79	80	81	81	82	82	166	166	167	167	165	164	160	160	133	133	137	143	143	142	138	138
1072	1075	1076	1076	1081	1081	1080	1077	1099	1102	1103	1103	1105	1108	1108	1106	1190	1193	1193	1191	1188	1188	1187	1184	1157	1160	1161	1161	1166	1166	1165	1162	48	51	52	52	57	57	56	53	75	78	79	79	81	84	84	82	166	169	169	167	164	164	163	160	133	136	137	137	142	142	141	138
1073	1075	1075	1074	1078	1080	1080	1079	1100	1102	1102	1101	1107	1108	1109	1109	1194	1194	1193	1192	1185	1187	1187	1186	1158	1160	1160	1159	1163	1165	1165	1164	49	51	51	50	54	56	56	55	76	78	78	77	83	84	85	85	170	170	169	168	161	163	163	162	134	136	136	135	139	141	141	140
1073	1073	1074	1074	1078	1078	1079	1079	1100	1100	1101	1101	1107	1107	1109	1280	1280	1194	1192	1192	1185	1185	1186	1186	1158	1158	1159	1159	1163	1163	1164	1164	49	49	50	50	54	54	55	55	76	76	77	77	83	83	85	256	256	170	168	168	161	161	162	162	134	134	135	135	139	139	140	140
1281	1281	1282	1282	1286	1286	1287	1287	1302	1302	1303	1303	1307	1307	1308	1308	1280	1279	1275	1275	1259	1259	1260	1260	1195	1195	1196	1196	1200	1200	1201	1201	257	257	258	258	262	262	263	263	278	278	279	279	283	283	284	284	256	255	251	251	235	235	236	236	171	171	172	172	176	176	177	177
1281	1284	1284	1282	1286	1289	1289	1287	1302	1305	1305	1303	1307	1310	1310	1308	1279	1279	1278	1275	1259	1262	1262	1260	1195	1198	1198	1196	1200	1203	1203	1201	257	260	260	258	262	265	265	263	278	281	281	279	283	286	286	284	255	255	254	251	235	238	238	236	171	174	174	172	176	179	179	177
1283	1284	1285	1285	1290	1290	1289	1288	1304	1305	1306	1306	1311	1311	1310	1309	1276	1278	1278	1277	1263	1263	1262	1261	1197	1198	1199	1199	1204	1204	1203	1202	259	260	261	261	266	266	265	264	280	281	282	282	287	287	286	285	252	254	254	253	239	239	238	237	173	174	175	175	180	180	179	178
1283	1283	1285	1296	1296	1290	1288	1288	1304	1304	1306	1317	1317	1311	1309	1309	1276	1276	1277	1277	1274	1263	1261	1261	1197	1197	1199	1210	1210	1204	1202	1202	259	259	261	272	272	266	264	264	280	280	282	293	293	287	285	285	252	252	253	253	250	239	237	237	173	173	175	186	186	180	178	178
1291	1291	1295	1296	1297	1297	1298	1298	1318	1318	1319	1319	1317	1316	1312	1312	1264	1264	1268	1274	1274	1273	1269	1269	1211	1211	1212	1212	1210	1209	1205	1205	267	267	271	272	273	273	274	274	294	294	295	295	293	292	288	288	240	240	244	250	250	249	245	245	187	187	188	188	186	185	181	181
1291	1294	1295	1295	1297	1300	1300	1298	1318	1321	1321	1319	1316	1316	1315	1312	1264	1267	1268	1268	1273	1273	1272	1269	1211	1214	1214	1212	1209	1209	1208	1205	267	270	271	271	273	276	276	274	294	297	297	295	292	292	291	288	240	243	244	244	249	249	248	245	187	190	190	188	185	185	184	181
1292	1294	1294	1293	1299	1300	1301	1301	1322	1322	1321	1320	1313	1315	1315	1314	1265	1267	1267	1266	1270	1272	1272	1271	1215	1215	1214	1213	1206	1208	1208	1207	268	270	270	269	275	276	277	277	298	298	297	296	289	291	291	290	241	243	243	242	246	248	248	247	191	191	190	189	182	184	184	183
1292	1292	1293	1293	1299	1299	1301	1344	1344	1322	1320	1320	1313	1313	1314	1314	1265	1265	1266	1266	1270	1270	1271	1271	1258	1215	1213	1213	1206	1206	1207	1207	268	268	269	269	275	275	277	320	320	298	296	296	289	289	290	290	241	241	242	242	246	246	247	247	234	191	189	189	182	182	183	183
1323	1323	1324	1324	1339	1339	1343	1344	1345	1345	1346	1346	1350	1350	1351	1351	1216	1216	1217	1217	1232	1232	1236	1258	1258	1257	1253	1253	1237	1237	1238	1238	321	321	322	322	326	326	327	327	320	319	315	315	299	299	300	300	192	192	193	193	208	208	212	234	234	233	229	229	213	213	214	214
1323	1326	1326	1324	1339	1342	1343	1343	1345	1348	1348	1346	1350	1353	1353	1351	1216	1219	1219	1217	1232	1235	1236	1236	1257	1257	1256	1253	1237	1240	1240	1238	321	324	324	322	326	329	329	327	319	319	318	315	299	302	302	300	192	195	195	193	208	211	212	212	233	233	232	229	213	216	216	214
1325	1326	1327	1327	1340	1342	1342	1341	1347	1348	1349	1349	1354	1354	1353	1352	1218	1219	1220	1220	1233	1235	1235	1234	1254	1256	1256	1255	1241	1241	1240	1239	323	324	325	325	330	330	329	328	316	318	318	317	303	303	302	301	194	195	196	196	209	211	211	210	230	232	232	231	217	217	216	215
1325	1325	1327	1338	1340	1340	1341	1341	1347	1347	1349	1360	1360	1354	1352	1352	1218	1218	1220	1231	1233	1233	1234	1234	1254	1254	1255	1255	1252	1241	1239	1239	323	323	325	336	336	330	328	328	316	316	317	317	314	303	301	301	194	194	196	207	209	209	210	210	230	230	231	231	228	217	215	215
1328	1328	1332	1338	1338	1337	1333	1333	1361	1361	1362	1362	1360	1359	1355	1355	1221	1221	1225	1231	1231	1230	1226	1226	1242	1242	1246	1252	1252	1251	1247	1247	337	337	338	338	336	335	331	331	304	304	308	314	314	313	309	309	197	197	201	207	207	206	202	202	218	218	222	228	228	227	223	223
1328	1331	1332	1332	1337	1337	1336	1333	1361	1364	1364	1362	1359	1359	1358	1355	1221	1224	1225	1225	1230	1230	1229	1226	1242	1245	1246	1246	1251	1251	1250	1247	337	340	340	338	335	335	334	331	304	307	308	308	313	313	312	309	197	200	201	201	206	206	205	202	218	221	222	222	227	227	226	223
1329	1331	1331	1330	1334	1336	1336	1335	1365	1365	1364	1363	1356	1358	1358	1357	1222	1224	1224	1223	1227	1229	1229	1228	1243	1245	1245	1244	1248	1250	1250	1249	341	341	340	339	332	334	334	333	305	307	307	306	310	312	312	311	198	200	200	199	203	205	205	204	219	221	221	220	224	226	226	225
1329	1329	1330	1330	1334	1334	1335	1335	-1	1365	1363	1363	1356	1356	1357	1357	1222	1222	1223	1223	1227	1227	1228	1228	1243	1243	1244	1244	1248	1248	1249	1249	1024	341	339	339	332	332	333	333	305	305	306	306	310	310	311	311	198	198	199	199	203	203	204	204	219	219	220	220	224	224	225	225
342	342	343	343	347	347	348	348	363	363	364	364	368	368	369	369	598	598	599	599	603	603	604	604	662	662	663	663	678	678	682	1024	1024	1023	1019	1019	1003	1003	1004	1004	939	939	940	940	944	944	945	945	683	683	684	684	688	688	689	689	704	704	705	705	709	709	710	710
342	345	345	343	347	350	350	348	363	366	366	364	368	371	371	369	598	601	601	599	603	606	606	604	662	665	665	663	678	681	682	682	1023	1023	1022	1019	1003	1006	1006	1004	939	942	942	940	944	947	947	945	683	686	686	684	688	691	691	689	704	707	707	705	709	712	712	710
344	345	346	346	351	351	350	349	365	366	367	367	372	372	371	370	600	601	602	602	607	607	606	605	664	665	666	666	679	681	681	680	1020	1022	1022	1021	1007	1007	1006	1005	941	942	943	943	948	948	947	946	685	686	687	687	692	692	691	690	706	707	708	708	713	713	712	711
344	344	346	357	357	351	349	349	365	365	367	378	378	372	370	370	600	600	602	613	613	607	605	605	664	664	666	677	679	679	680	680	1020	1020	1021	1021	1018	1007	1005	1005	941	941	943	954	954	948	946	946	685	685	687	698	698	692	690	690	706	706	708	719	719	713	711	711
352	352	356	357	358	358	359	359	379	379	380	380	378	377	373	373	608	608	612	613	614	614	615	615	667	667	671	677	677	676	672	672	1008	1008	1012	1018	1018	1017	1013	1013	955	955	956	956	954	953	949	949	693	693	697	698	699	699	700	700	720	720	721	721	719	718	714	714
352	355	356	356	358	361	361	359	379	382	382	380	377	377	376	373	608	611	612	612	614	617	617	615	667	670	671	671	676	676	675	672	1008	1011	1012	1012	1017	1017	1016	1013	955	958	958	956	953	953	952	949	693	696	697	697	699	702	702	700	720	723	723	721	718	718	717	714
353	355	355	354	360	361	362	362	383	383	382	381	374	376	376	375	609	611	611	610	616	617	618	618	668	670	670	669	673	675	675	674	1009	1011	1011	1010	1014	1016	1016	1015	959	959	958	957	950	952	952	951	694	696	696	695	701	702	703	703	724	724	723	722	715	717	717	716
353	353	354	354	360	360	362	405	405	383	381	381	374	374	375	375	609	609	610	610	616	616	618	661	668	668	669	669	673	673	674	674	1009	1009	1010	1010	1014	1014	1015	1015	1002	959	957	957	950	950	951	951	694	694	695	695	701	701	703	746	746	724	722	722	715	715	716	716
384	384	385	385	400	400	404	405	406	406	407	407	411	411	412	412	619	619	620	620	635	635	639	661	661	660	656	656	640	640	641	641	960	960	961	961	976	976	980	1002	1002	1001	997	997	981	981	982	982	747	747	748	748	752	752	753	753	746	745	741	741	725	725	726	726
384	387	387	385	400	403	404	404	406	409	409	407	411	414	414	412	619	622	622	620	635	638	639	639	660	660	659	656	640	643	643	641	960	963	963	961	976	979	980	980	1001	1001	1000	997	981	984	984	982	747	750	750	748	752	755	755	753	745	745	744	741	725	728	728	726
386	387	388	388	401	403	403	402	408	409	410	410	415	415	414	413	621	622	623	623	636	638	638	637	657	659	659	658	644	644	643	642	962	963	964	964	977	979	979	978	998	1000	1000	999	985	985	984	983	749	750	751	751	756	756	755	754	742	744	744	743	729	729	728	727
386	386	388	399	401	401	402	402	408	408	410	421	421	415	413	413	621	621	623	634	636	636	637	637	657	657	658	658	655	644	642	642	962	962	964	975	977	977	978	978	998	998	999	999	996	985	983	983	749	749	751	762	762	756	754	754	742	742	743	743	740	729	727	727
389	389	393	399	399	398	394	394	416	416	420	421	422	422	423	423	624	624	628	634	634	633	629	629	645	645	649	655	655	654	650	650	965	965	969	975	975	974	970	970	986	986	990	996	996	995	991	991	763	763	764	764	762	761	757	757	730	730	734	740	740	739	735	735
389	392	393	393	398	398	397	394	416	419	420	420	422	425	425	423	624	627	628	628	633	633	632	629	645	648	649	649	654	654	653	650	965	968	969	969	974	974	973	970	986	989	990	990	995	995	994	991	763	766	766	764	761	761	760	757	730	733	734	734	739	739	738	735
390	392	392	391	395	397	397	396	417	419	419	418	424	425	426	426	625	627	627	626	630	632	632	631	646	648	648	647	651	653	653	652	966	968	968	967	971	973	973	972	987	989	989	988	992	994	994	993	767	767	766	765	758	760	760	759	731	733	733	732	736	738	738	737
390	390	391	391	395	395	396	396	417	417	418	418	424	424	426	597	625	625	626	626	630	630	631	631	646	646	647	647	651	651	652	652	966	966	967	967	971	971	972	972	987	987	988	988	992	992	993	993	938	767	765	765	758	758	759	759	731	731	732	732	736	736	737	737
427	427	428	428	432	432	433	433	491	491	492	492	507	507	511	597	597	596	592	592	576	576	577	577	512	512	513	513	517	517	518	518	768	768	769	769	773	773	774	774	832	832	833	833	848	848	852	938	938	937	933	933	917	917	918	918	853	853	854	854	858	858	859	859
427	430	430	428	432	435	435	433	491	494	494	492	507	510	511	511	596	596	595	592	576	579	579	577	512	515	515	513	517	520	520	518	768	771	771	769	773	776	776	774	832	835	835	833	848	851	852	852	937	937	936	933	917	920	920	918	853	856	856	854	858	861	861	859
429	430	431	431	436	436	435	434	493	494	495	495	508	510	510	509	593	595	595	594	580	580	579	578	514	515	516	516	521	521	520	519	770	771	772	772	777	777	776	775	834	835	836	836	849	851	851	850	934	936	936	935	921	921	920	919	855	856	857	857	862	862	861	860
429	429	431	442	442	436	434	434	493	493	495	506	508	508	509	509	593	593	594	594	591	580	578	578	514	514	516	527	527	521	519	519	770	770	772	783	783	777	775	775	834	834	836	847	849	849	850	850	934	934	935	935	932	921	919	919	855	855	857	868	868	862	860	860
437	437	441	442	443	443	444	444	496	496	500	506	506	505	501	501	581	581	585	591	591	590	586	586	528	528	529	529	527	526	522	522	778	778	782	783	784	784	785	785	837	837	841	847	847	846	842	842	922	922	926	932	932	931	927	927	869	869	870	870	868	867	863	863
437	440	441	441	443	446	446	444	496	499	500	500	505	505	504	501	581	584	585	585	590	590	589	586	528	531	531	529	526	526	525	522	778	781	782	782	784	787	787	785	837	840	841	841	846	846	845	842	922	925	926	926	931	931	930	927	869	872	872	870	867	867	866	863
438	440	440	439	445	446	447	447	497	499	499	498	502	504	504	503	582	584	584	583	587	589	589	588	532	532	531	530	523	525	525	524	779	781	781	780	786	787	788	788	838	840	840	839	843	845	845	844	923	925	925	924	928	930	930	929	873	873	872	871	864	866	866	865
438	438	439	439	445	445	447	490	497	497	498	498	502	502	503	503	582	582	583	583	587	587	588	588	575	532	530	530	523	523	524	524	779	779	780	780	786	786	788	831	838	838	839	839	843	843	844	844	923	923	924	924	928	928	929	929	916	873	871	871	864	864	865	865
448	448	449	449	464	464	468	490	490	489	485	485	469	469	470	470	533	533	534	534	549	549	553	575	575	574	570	570	554	554	555	555	789	789	790	790	805	805	809	831	831	830	826	826	810	810	811	811	874	874	875	875	890	890	894	916	916	915	911	911	895	895	896	896
448	451	451	449	464	467	468	468	489	489	488	485	469	472	472	470	533	536	536	534	549	552	553	553	574	574	573	570	554	557	557	555	789	792	792	790	805	808	809	809	830	830	829	826	810	813	813	811	874	877	877	875	890	893	894	894	915	915	914	911	895	898	898	896
450	451	452	452	465	467	467	466	486	488	488	487	473	473	472	471	535	536	537	537	550	552	552	551	571	573	573	572	558	558	557	556	791	792	793	793	806	808	808	807	827	829	829	828	814	814	813	812	876	877	878	878	891	893	893	892	912	914	914	913	899	899	898	897
450	450	452	463	465	465	466	466	486	486	487	487	484	473	471	471	535	535	537	548	550	550	551	551	571	571	572	572	569	558	556	556	791	791	793	804	806	806	807	807	827	827	828	828	825	814	812	812	876	876	878	889	891	891	892	892	912	912	913	913	910	899	897	897
453	453	457	463	463	462	458	458	474	474	478	484	484	483	479	479	538	538	542	548	548	547	543	543	559	559	563	569	569	568	564	564	794	794	798	804	804	803	799	799	815	815	819	825	825	824	820	820	879	879	883	889	889	888	884	884	900	900	904	910	910	909	905	905
453	456	457	457	462	462	461	458	474	477	478	478	483	483	482	479	538	541	542	542	547	547	546	543	559	562	563	563	568	568	567	564	794	797	798	798	803	803	802	799	815	818	819	819	824	824	823	820	879	882	883	883	888	888	887	884	900	903	904	904	909	909	908	905
454	456	456	455	459	461	461	460	475	477	477	476	480	482	482	481	539	541	541	540	544	546	546	545	560	562	562	561	565	567	567	566	795	797	797	796	800	802	802	801	816	818	818	817	821	823	823	822	880	882	882	881	885	887	887	886	901	903	903	902	906	908	908	907
454	454	455	455	459	459	460	460	475	475	476	476	480	480	481	481	539	539	540	540	544	544	545	545	560	560	561	561	565	565	566	566	795	795	796	796	800	800	801	801	816	816	817	817	821	821	822	822	880	880	881	881	885	885	886	886	901	901	902	902	906	906	907	907
